226752492656918530
837020046928773180
362788630504407040
771318567803027457
750349990987300884
847920622397947946
100796838180839424
358036932049240074
878635290607120494
846487106837676073
853352090020741130
819160874404413470
852612692199211058
853009832163803196
784705929719316490
852858402031796244
775414554087522335
728675682389065849
788549768150384650
770391363685842985
569416093958144000
767772852376043560
907677572777779251
770928669937762325
797483002883866664
892520942037766165
588005924631871492
834452202943807529
876172308702695484
797004103338164224
754727619961946132
755838692916068534
601335551370592256
689497018208616454
887700497350393856
881848527075041290
906323999561252927
856141454300151840
805944035382394900
755407181498679357
456841362747424769
850852376700256256
763105010502074378
368821510640500736
820754736508043374
820764080805117972
820774446104182824
820801012818378772
820814533953847336
820815099643297822
820823114577215519
820827979583979592
782970135451271238
820765167742091265
820804870852444221
820807308799115285
820815050704945223
749634341671272480
769857475494543360
879903334021087262
720314385033068674
655388369181999114
820830813172006915
850852767903776839
816719003765964812
853203725572505630
813596565460484167
780290464951435284
630290566478954506
905584843612631052
820753015148773396
820764878150565911
820766610687393822
820774449644699679
820781703537754184
820782295929061378
820782603036655616
820803855360589845
820814304177553430
820829227309858856
820777223513571359
820778346564681788
820832943589163029
716259870910840832
820770048590217276
820822271554879549
820830610204917800
820774861835337738
820778604626837556
820795570254905345
820833305258622989
820834936042160139
770010410056286209
850844057235881995
852825699424796702
820754280066580511
820777640059207761
820801455362670623
820802594636824587
820828457915252736
820752988494626826
820755313208459266
820758067758628876
820758345853567016
820768098923446343
820796077027360778
820801489135861760
820822052293443585
820823550420058112
820827823216001035
820760031376834620
820777018136199209
820789853070426162
820803182409941054
820826136203755520
820832446245240834
820775374681145345
820828489401499689
820752055056465980
820763806699225108
820765205167996979
820766063691956225
820776905049112627
820787607163109426
820801255348633630
820823680765919272
820825643180228646
820827910981812245
632758768240689172
820771946269638717
820772248507514882
820774318187216906
820778389790130176
820805275807252490
820820389449433108
820826010701922325
820826802540511242
777773320548122624
563254534806437929
874256247229136917
820756221397172225
820791991918002186
820822878734909490
820752735501942845
820778179761143858
820778212178919425
820791067217231903
820795208886779914
415856789356281858
712281225527820298
820754200329715744
820766318746796094
820780277093629964
820789660820176897
820813879788437514
820822018890530827
820822108929785916
820822595564732487
820830861817151541
820755968018481163
820764201957720104
820773303354130433
820783481696550913
820792019244548108
820806529460338698
450976994537242634
850853025374535701
820767339216633860
820768001808138250
820772844006801408
820776819526991913
820779237032067121
820803909693210665
820818855735590922
820820855994843167
820821552114696202
872446882457198614
663335793682677763
853658207004131358
850850836007485509
850847683484581939
820774861688406096
820793745926258688
820801613353975820
820802879815811104
820804149822226453
820815090852429835
820766229388197889
820791782723551243
820795413995978802
820802189698007060
820806514314444830
820820383933399060
724520952842420326
727051009054081024
850843823793766530
517453043881738242
742828997041455164
811501105766203412
854743538708512799
842830773408104528
728893471082938399
901534079202254919
820780245564522537
820821824416907274
820829120514097153
820754248722546769
820770637899104336
820786049776746526
820822946880028724
820829663885656086
820831021342654494
896713046901264385
577627798588489728
820783348079001670
820826791387070465
776000512595722252
894173198634086400
683401830390038562
820763548878766091
820795507093536778
820801398467330070
820823755470929931
820765229780697129
820766628522360892
820775896482709514
820775929328566302
820781573858787368
820792067495297034
850844192807714846
732918928556294204
909722746446045196
850847437203308564
851187087956115477
820753570587475979
820767115538595850
820786709641822250
820795834975125565
820795862753607701
820805037978026034
820828600532992021
820835431674806293
820835779038674944
820772626066309200
820795241602613288
820822725743738890
820777666579791872
820802602874175558
820805017682182145
820805536223199262
820822298994278441
820829398751772744
820835086022082591
820761571071754272
820771094923444234
745348006844301318
850849986690416640
294478786584379393
622457112391319584
851185959931478037
852994394159841280
600654873931022336
504672489016918016
812422595927343104
850851812563353670
722046873246105641
894170885139877929
846412101978947594
850846955618041876
843513575280214036
511160802871607297
850846273485537280
850846063870607400
270904126974590976
850856106929946694
906238813133762561
810899875481911316
850847055030124636
862504018891112478
644692774347866125
850878395265187840
820781672836366367
820791067753578518
820805388164136960
820813894787399682
820815347166740540
820820892514123786
820751205210914858
820766916284514344
820821454793736213
852623373841858571
752124386227650571
851185583371976715
850844898852995072
820820910223130635
820823294860066856
718972172051284109
878289350654312498
708028336244260866
638346222649868328
850851162738786304
203225584749248513
820823685291442246
820826217498279956
688938603627282432
155149108183695360
781912056378556466
810272061787996179
585548913642307604
850844498141642804
820768722724978729
820830404369449001
820836756420165663
850849315101868052
820761699585884181
820789665123794984
820829098263314442
850843321717751839
852800063494160394
713247051835768933
793392191715672073
794188012534759434
700626911289933857
852872720634740799
747930087059619910
689766089567109158
850844725161885746
820761346592211036
820777265372856370
820826182404014157
829015731366395924
851185120718618665
829038965033271326
749651714814115921
820752886068805673
820763192832557086
820766754568536116
820803037789421598
820803333286920192
820823400125169664
850853250834890782
799326480894132234
813060908955729990
353579079162789910
414380709982240769
820778251143479347
820782985145614346
820826123008606248
820830998559195206
789865882104889354
852797034338975815
303211363549970444
766559764552482847
458940151046078465
762745466232111135
850878393087164416
820759119979085906
820768759987961887
820770424861491210
820774335793856532
820770546345312266
820801907861618689
820833589150220288
787928625428430889
754359216570892358
842200805389107210
842943794051678208
294882584201003009
820756796443852821
820824275128287251
820831541717762078
767700417625980929
234395307759108106
687660156070527042
850848922393116720
891385211684798504
820754873334890516
820759705491079188
820771117047611453
820776836099211334
820806257102815273
820836522751426631
820771634926583908
820786253980237915
820800854071705630
820815187535462400
820827859291602994
820755629299204186
820771296035995690
820804827344011305
820828754204033055
820826638320926730
820828787108478987
820827816496857109
660854764342476810
820771390650843226
820771427510255687
820831797570830392
820752274245550140
820763995421147166
820764583887110145
820777363155582986
820790721468563457
820796276957773875
820806251986157610
820822232577867787
820825613153468427
827469274830471168
850844066911485992
852852747949572126
877719193821253632
874976653032448041
813818819050602546
820755450802864230
820773038894481469
820791655757774869
820816619478450196
820835146248355841
850846831374368769
498899196611395584
861205771965562900
850845880093638717
832622385252794408
820772015589163008
820790935562616832
820814204877406278
820829083989835837
440799750242172968
708975849038151740
755381151044075571
820996651284037653
850845829182390283
850853210984808488
270397694076256256
706801837139034154
720351927581278219
617497548743245835
850852743433814036
820757530644316190
820766686449631233
820794501953749029
820800826486292490
702330033154424992
596595234075443200
851186281647308830
844930711042916352
820751915691540481
820779679766020106
820780701695344700
820782563756474408
820790910605983744
820793196219990027
820793804029558885
820802005093318676
820803539261194290
820830787493953586
820769748735754342
820823581353181216
820836826905968670
820754018032156682
820759555725852732
820814250787602452
820763364514201621
820768898072444960
820777477391122472
820790729185427488
820792826031636511
820795185549672449
820821261247840257
820832379035058186
850849329668161576
640538963190480927
851185404102574100
850856011609669662
823667545839632477
663237980126707725
838527184704503878
850848625231396875
402190123032379403
617259081169895424
873396028718608394
710932435575111720
851184374262792192
851187275064541214
850851512930402346
850849669634064405
763733065305686028
850848722307776512
455814183020134401
904692047011794955
894173054274523196
688116305941102663
820774972825010176
820784282535854100
820785955144204361
820795200754286604
820803119331016724
820804111435563028
820831632323772416
820831764448542762
820833098676961321
901542741404712981
606536149468577798
852816868372119592
722287831103569920
824628110993391646
851184813339836436
727053743563997297
820769568154583101
820772183386488873
820780028559097887
820782368922533928
820794140575924234
820796560786063401
820821361505206294
820832154454982666
714809686377103461
889994978808451083
738156689663983768
617624025279234059
850856130065465395
792800222064410685
850852325887180830
809787932533587980
536504130059894794
801577471505989702
791619443268255787
412363686166921216
769739576444321803
820751101103570976
820766288523427841
820775128521769000
820778661661638707
820782975946981426
820785208776720424
864636410669563924
850843491152166912
850849208864473108
408740400866787329
805566955926192201
852904913167187999
843495147656314911
820774911617794078
820790369511538768
820828027276623883
695728195059843093
629019679284920331
850849198214479882
805635093258567721
851470366043406388
894495291221368842
889477710177529877
834399272287076353
898907255041310730
853237943304978482
853370639791423488
173158229688320000
719884337352540201
433877760390463490
820776824496848916
820777770623172679
820794068577550346
820806471045480528
820815732244742176
820825569155481631
850844306553962526
483189130092609538
315047305608822784
390155343373533195
687260477457301516
850851562834100264
783874972405596160
291272591086452737
894424316857430027
500297618505859072
159985870458322944
463609246295261185
820765581228638258
820783558670286908
820794729540091915
820795373634584626
820778262384738315
820804860513484842
820814760995848213
820764619882496084
820767762091606056
820798840038752260
820822171932426250
820826250499063808
820752677259968552
820765373681893478
820823395804643348
810601818165608448
820756930845999159
820761144783667200
820805524580859924
820762951748157470
820769230806188072
820775341538410528
820789770711072838
820793557522055200
820822063765258290
820826168638308372
820835979706892289
850847703969693696
729022706829361212
675462189963935745
715296740122558586
850884311523786833
125367104336691200
648550246263029760
896063592242221056
674734539503042581
806540332191186984
850848721545199626
820776972115378197
820802326121938955
820805123583377438
820823779000188990
820828072152399892
820754835879886848
820756455585218630
820779186246778930
820789882694664205
820802706519359529
820805174426992651
820815895818797126
820830758016778280
295367604556660756
476298992444243969
820763374005780485
820763844964122625
820764322044444744
820769161675669555
820794748415508540
820804398489534475
820804784780607508
820823054677835786
874312527092265010
765086738804506675
820777328640131073
820794360018239538
820802193593991209
820802807736959016
820831544968085536
868327604430708766
693602970473857145
452836011991367680
820757034105438250
820785286983712848
820800625553702912
820764593390747660
820771174711558224
820791617094811658
820795741865639966
820821686307913790
820826797049511938
820832846729445396
850855974330826752
897751386048053259
805638722502656071
731895481952632904
820757484892586006
820767375552806940
820786021095702560
820793417713844235
820766235242659870
820766824336719892
820812400918790164
820813874181177357
703971281153818796
566368720704897032
820751177968255006
820764000274481182
820770408189526046
820779188311162960
820779420095742022
820791190353084447
820822874930937887
820826907221164052
820764749968703498
820769030134038529
820769086106894346
820772060338585610
820779325670031402
820780355484385290
820790655458213919
820792283917451264
820806330201014302
820821796064067594
820830630991626250
478874800077537301
408785106942164992
753746741945434163
764233777970675772
769569501926129704
561124342981722114
852983813554962462
620003295150342158
454785477556305922
850843755921276948
856997789870325841
852961237569765457
851186191088484413
698415655954677801
850850309093589012
282859044593598464
740094625989263382
820830706602868736
702379610108723271
820760860016377857
820764297923002369
820766169593544734
820773410862923797
820791717480890368
820825882763460613
850846206195269662
741523140097605727
820772557749878834
820793277858185227
820813781177073685
632638613208825886
747745284586471485
285582842157858816
850850735981199420
691659156213727243
888289602119553045
820754449815175261
820772200407236649
820789447955447839
820791514099351572
820793242496008243
820807674135445544
820820246549364776
820824198002769930
820826160492445747
820835057501339688
842747443358859304
852667145732358244
850844331740889138
783064173893779488
280588431585968128
885084876271943711
850852739688824843
850877961199812619
851187111243808779
820781468048949259
820791965741350972
820805808333783041
820835314989269012
797749319016906792
799466561508474920
852961308764536874
235088799074484224
820755499396890655
850849066770235432
324777466935771140
820756955365900331
820757437518446642
820758216723005508
820781640216608809
820784829339140146
820803854525530152
184843374094712832
822730425981992961
850849136730177556
815519255549968405
828715788290228285
800289315825385502
850843764734033920
820769114829750285
820785215143804938
871917100317409321
820767953606803537
820768774063783967
820768795680440393
820832932121018389
820778653100671017
820792131018817576
820793370548240414
820802404034674728
820820402712215582
820771085539737690
820771343729295370
820777358540800012
820792367132966912
820751959438524457
820758490791411732
820771448574050304
820783444095139910
820801992837300235
820815901041360948
820826462789697556
820832171349901352
820754291639582770
820791046442450955
820792049133289492
741448939877826661
820757544577794048
820771985469472779
820773730996453407
820789455613853706
820793904127148042
820800752050110474
820835943321305108
490768689319247873
820778084059840523
820780156670181446
820803394612494378
820824877128351744
820836527029616691
820752658700304424
820759163608105030
820765887941705785
820777308692152343
820779087882747935
820781654297149500
820792298396581910
820793822292082728
820795359583273020
820798861680836618
820802243577249843
820803427000254534
820824455039156255
820824977053319178
820829597414326272
595263825327030357
820756656585048066
820794665485860864
458276816071950337
820768784142827540
820771225901989940
820776956282011668
820820745676390422
820834954685972481
820772467924140042
820823446799908905
820824716796624926
820829099596841000
820766607285813288
820794340448010288
820756094044471336
820763278737014834
820754789646336040
820814203156824135
857812100784324630
358068528768745473
709061703735836742
369891403796447242
655897785408684043
506079441223417856
843717733412634636
820760990122901534
820770182871253032
820784852977713162
820751001421611038
820756948025999381
820767360863830077
820785466386546698
700228245244608533
812182553280774154
473735000068456470
820791948868321331
850846693708660776
910073218642087946
395963996987195393
850852777575186472
843159259922825226
850856119563845642
746291078851854366
900080673312878624
491769129318088714
850850286389952532
785505893079842816
899991412181958686
820769964146688031
820770179444113421
820782992174743572
820789793134870562
820807007006097419
820835775351750659
820779361724530708
820805218199535677
820828690496749609
778298579294486599
850846539420139571
834704767346278452
820761557809627147
820776259327623188
820777526779183145
820800654955118664
820802274746040341
820804845795147857
820820925380558879
820822228513456129
820834554675593216
820762408821456934
820764831254577174
820772261308137473
820777514103341107
820779494528385036
820787341106741258
820791802742439996
820793923932258354
820835600180838410
707695690096181349
646485937643323423
796388096367132673
692925822415405138
839203325454450730
852976666384269373
852839432356888596
853307450605699106
851187583223857152
852248401390731285
850846998683844648
846303697394728960
850884280993316874
780752497513463828
454298075016724490
737050723618914374
852710422913089567
303489016366366721
850845394984501338
820802268113928222
820827976811675658
850852037053907034
789521702735314975
820752434871009330
820777048896307231
820780119403790337
820813846209101847
820816635031322634
820825616320299038
820826799017295893
705412422055362601
794218597336875090
850851481657409546
810755333055053894
628535033870811166
892079558117957673
554891352089821206
793484083878559834
838703548325429248
854656741237194793
872850448825077812
831168607986778112
407912821821669387
550298461128359936
908876244349763607
728578478957658134
609466102833217566
845599798551379968
416358583220043796
365938141095526400
705253684413464576
363957999577989120
664053196494209024
820754599790510120
820766560208683089
820771475493617686
820771987928121374
820773727083692094
820794210075803658
820802009002672138
820831599524446248
820757860862001182
820771273008742440
820793705769730099
820794289579622451
820828460036522026
820754563036217405
820758420419510312
820759000182030347
820772103849771082
820775388019687444
820782176504119336
820784796586213437
820802656620118077
820814521773719554
820757591705649153
820769945314263040
820774951975780393
820777030521847848
820785363118587925
820792051565854751
820807256664178788
820813778614484993
820820540666544188
820824047583494154
820754836168900668
820760858313228288
820769259549622292
820772258565980191
820779650371289098
820803100579069982
820806233698467872
820807180595757108
820828396778946582
820831627457462332
820754163306594326
820780027280752701
820780657710071818
820782582731112449
820794553769918543
820770696186953779
820783848433385502
820792437911978064
820821328080273409
820825887347179540
602255510778937364
601431156151287811
711371285468414073
820764322044575804
820777246821843015
820777313242185738
820781180462170132
820807312334782497
820835752295530547
368424172730187786
790186074591723550
820761651291881482
820773381141692447
820786120643313687
820802500218191901
820823294222794753
774247801084575754
820763225707642921
820769945343361026
820770699337662484
820781503059329074
820803455919718410
820825878346465292
820827086679179356
820831452987260948
808749896462630933
692362091469996032
768861050174439434
903672988895952946
744857069328531476
695123504999432257
730568076453740595
702080033568718848
797053322346758186
820757666178793473
820768833018789978
820806199201103872
820771906377613313
820785954566307942
820792133279547452
820802737272258590
820827730453987328
820765842726715412
820770687354535936
820785388314165249
820785792578355250
820803953796186112
820827818551410698
820833773897777223
820764925735469056
820766243396124692
820768480290013236
820778086349013002
820825879487840326
820830730758127656
820790168893259776
820814204281159693
820776469512585258
820832445761847327
731171484973924454
725840493723779092
852797490671386634
820763815279853568
820767736241324072
820791767498489876
820793436844195882
820802749355524097
820803621834457148
820824575255642163
820828949910519898
820768285644947507
820805400965939210
820829281277181952
820789443949494312
820802853634834462
820805088410206208
820820824189042705
820796370197807114
820820949896921108
820834511230730290
820753057406124072
820755167968362496
820778702102200370
820795270392447007
820802463115378739
820823346233081856
820823562134093854
820826530171060234
820834843851751492
779974567987904522
857528392711012393
859687301226823682
600359752924397588
894812467954348033
852651156886519828
663414185186820107
518081368823955489
730751077707808858
652800585216819201
760970788827955280
831512977596481547
840518024841789451
852873257795584010
351271190397976576
811153104455991306
430740218711113730
792999567984951306
904389588607455314
909345521930498048
813749434827407370
841375723964465152
794644490966138890
711886644332068914
852648390004441140
869526177562365962
797751454429216768
805429797840093214
830547872729661462
367575710258298890
770314782237917266
819571459127115786
615251189772189711
497760108089180161
702171325082501201
819566937813418015
485621622544531456
773890279379566643
742334961356636221
892110424756064316
714508114355028049
709650223638511656
529044397132873728
847721031997194260
696674217072263188
724432606460117043
753600152220074024
631310698873487370
632022755512156171
749974862885290084
761792099569893407
872128187285512252
725260858028195892
766020478355111976
